
# evaluation of a line sensor with 256 samples at time  0.00000E+00 at  4
2  0.00000E+00 -9.92157E-01  0.00000E+00  0.00000E+00  0.00000E+00  0.00000E+00  0.00000E+00  0.00000E+00  0.00000E+00 
3  0.00000E+00 -9.84314E-01  0.00000E+00  0.00000E+00  0.00000E+00  0.00000E+00  0.00000E+00  0.00000E+00  0.00000E+00 
4  0.00000E+00 -9.76471E-01  0.00000E+00  0.00000E+00  0.00000E+00  0.00000E+00  0.00000E+00  0.00000E+00  0.00000E+00 
5  0.00000E+00 -9.68627E-01  0.00000E+00  0.00000E+00  0.00000E+00  0.00000E+00  0.00000E+00  0.00000E+00  0.00000E+00 
6  0.00000E+00 -9.60784E-01  0.00000E+00  0.00000E+00  0.00000E+00  0.00000E+00  0.00000E+00  0.00000E+00  0.00000E+00 
7  0.00000E+00 -9.52941E-01  0.00000E+00  0.00000E+00  0.00000E+00  0.00000E+00  0.00000E+00  0.00000E+00  0.00000E+00 
8  0.00000E+00 -9.45098E-01  0.00000E+00  0.00000E+00  0.00000E+00  0.00000E+00  0.00000E+00  0.00000E+00  0.00000E+00 
9  0.00000E+00 -9.37255E-01  0.00000E+00  0.00000E+00  0.00000E+00  0.00000E+00  0.00000E+00  0.00000E+00  0.00000E+00 
10  0.00000E+00 -9.29412E-01  0.00000E+00  0.00000E+00  0.00000E+00  0.00000E+00  0.00000E+00  0.00000E+00  0.00000E+00 
11  0.00000E+00 -9.21569E-01  0.00000E+00  0.00000E+00  0.00000E+00  0.00000E+00  0.00000E+00  0.00000E+00  0.00000E+00 
12  0.00000E+00 -9.13725E-01  0.00000E+00  0.00000E+00  0.00000E+00  0.00000E+00  0.00000E+00  0.00000E+00  0.00000E+00 
13  0.00000E+00 -9.05882E-01  0.00000E+00  0.00000E+00  0.00000E+00  0.00000E+00  0.00000E+00  0.00000E+00  0.00000E+00 
14  0.00000E+00 -8.98039E-01  0.00000E+00  0.00000E+00  0.00000E+00  0.00000E+00  0.00000E+00  0.00000E+00  0.00000E+00 
15  0.00000E+00 -8.90196E-01  0.00000E+00  0.00000E+00  0.00000E+00  0.00000E+00  0.00000E+00  0.00000E+00  0.00000E+00 
16  0.00000E+00 -8.82353E-01  0.00000E+00  0.00000E+00  0.00000E+00  0.00000E+00  0.00000E+00  0.00000E+00  0.00000E+00 
17  0.00000E+00 -8.74510E-01  0.00000E+00  0.00000E+00  0.00000E+00  0.00000E+00  0.00000E+00  0.00000E+00  0.00000E+00 
18  0.00000E+00 -8.66667E-01  0.00000E+00  0.00000E+00  0.00000E+00  0.00000E+00  0.00000E+00  0.00000E+00  0.00000E+00 
19  0.00000E+00 -8.58824E-01  0.00000E+00  0.00000E+00  0.00000E+00  0.00000E+00  0.00000E+00  0.00000E+00  0.00000E+00 
20  0.00000E+00 -8.50980E-01  0.00000E+00  0.00000E+00  0.00000E+00  0.00000E+00  0.00000E+00  0.00000E+00  0.00000E+00 
21  0.00000E+00 -8.43137E-01  0.00000E+00  0.00000E+00  0.00000E+00  0.00000E+00  0.00000E+00  0.00000E+00  0.00000E+00 
22  0.00000E+00 -8.35294E-01  0.00000E+00  0.00000E+00  0.00000E+00  0.00000E+00  0.00000E+00  0.00000E+00  0.00000E+00 
23  0.00000E+00 -8.27451E-01  0.00000E+00  0.00000E+00  0.00000E+00  0.00000E+00  0.00000E+00  0.00000E+00  0.00000E+00 
24  0.00000E+00 -8.19608E-01  0.00000E+00  0.00000E+00  0.00000E+00  0.00000E+00  0.00000E+00  0.00000E+00  0.00000E+00 
25  0.00000E+00 -8.11765E-01  0.00000E+00  0.00000E+00  0.00000E+00  0.00000E+00  0.00000E+00  0.00000E+00  0.00000E+00 
26  0.00000E+00 -8.03922E-01  0.00000E+00  0.00000E+00  0.00000E+00  0.00000E+00  0.00000E+00  0.00000E+00  0.00000E+00 
27  0.00000E+00 -7.96078E-01  0.00000E+00  0.00000E+00  0.00000E+00  0.00000E+00  0.00000E+00  0.00000E+00  0.00000E+00 
28  0.00000E+00 -7.88235E-01  0.00000E+00  0.00000E+00  0.00000E+00  0.00000E+00  0.00000E+00  0.00000E+00  0.00000E+00 
29  0.00000E+00 -7.80392E-01  0.00000E+00  0.00000E+00  0.00000E+00  0.00000E+00  0.00000E+00  0.00000E+00  0.00000E+00 
30  0.00000E+00 -7.72549E-01  0.00000E+00  0.00000E+00  0.00000E+00  0.00000E+00  0.00000E+00  0.00000E+00  0.00000E+00 
31  0.00000E+00 -7.64706E-01  0.00000E+00  0.00000E+00  0.00000E+00  0.00000E+00  0.00000E+00  0.00000E+00  0.00000E+00 
32  0.00000E+00 -7.56863E-01  0.00000E+00  0.00000E+00  0.00000E+00  0.00000E+00  0.00000E+00  0.00000E+00  0.00000E+00 
33  0.00000E+00 -7.49020E-01  0.00000E+00  0.00000E+00  0.00000E+00  0.00000E+00  0.00000E+00  0.00000E+00  0.00000E+00 
34  0.00000E+00 -7.41176E-01  0.00000E+00  0.00000E+00  0.00000E+00  0.00000E+00  0.00000E+00  0.00000E+00  0.00000E+00 
35  0.00000E+00 -7.33333E-01  0.00000E+00  0.00000E+00  0.00000E+00  0.00000E+00  0.00000E+00  0.00000E+00  0.00000E+00 
36  0.00000E+00 -7.25490E-01  0.00000E+00  0.00000E+00  0.00000E+00  0.00000E+00  0.00000E+00  0.00000E+00  0.00000E+00 
37  0.00000E+00 -7.17647E-01  0.00000E+00  0.00000E+00  0.00000E+00  0.00000E+00  0.00000E+00  0.00000E+00  0.00000E+00 
38  0.00000E+00 -7.09804E-01  0.00000E+00  0.00000E+00  0.00000E+00  0.00000E+00  0.00000E+00  0.00000E+00  0.00000E+00 
39  0.00000E+00 -7.01961E-01  0.00000E+00  0.00000E+00  0.00000E+00  0.00000E+00  0.00000E+00  0.00000E+00  0.00000E+00 
40  0.00000E+00 -6.94118E-01  0.00000E+00  0.00000E+00  0.00000E+00  0.00000E+00  0.00000E+00  0.00000E+00  0.00000E+00 
41  0.00000E+00 -6.86275E-01  0.00000E+00  0.00000E+00  0.00000E+00  0.00000E+00  0.00000E+00  0.00000E+00  0.00000E+00 
42  0.00000E+00 -6.78431E-01  0.00000E+00  0.00000E+00  0.00000E+00  0.00000E+00  0.00000E+00  0.00000E+00  0.00000E+00 
43  0.00000E+00 -6.70588E-01  0.00000E+00  0.00000E+00  0.00000E+00  0.00000E+00  0.00000E+00  0.00000E+00  0.00000E+00 
44  0.00000E+00 -6.62745E-01  0.00000E+00  0.00000E+00  0.00000E+00  0.00000E+00  0.00000E+00  0.00000E+00  0.00000E+00 
45  0.00000E+00 -6.54902E-01  0.00000E+00  0.00000E+00  0.00000E+00  0.00000E+00  0.00000E+00  0.00000E+00  0.00000E+00 
46  0.00000E+00 -6.47059E-01  0.00000E+00  0.00000E+00  0.00000E+00  0.00000E+00  0.00000E+00  0.00000E+00  0.00000E+00 
47  0.00000E+00 -6.39216E-01  0.00000E+00  0.00000E+00  0.00000E+00  0.00000E+00  0.00000E+00  0.00000E+00  0.00000E+00 
48  0.00000E+00 -6.31373E-01  0.00000E+00  0.00000E+00  0.00000E+00  0.00000E+00  0.00000E+00  0.00000E+00  0.00000E+00 
49  0.00000E+00 -6.23529E-01  0.00000E+00  0.00000E+00  0.00000E+00  0.00000E+00  0.00000E+00  0.00000E+00  0.00000E+00 
50  0.00000E+00 -6.15686E-01  0.00000E+00  0.00000E+00  0.00000E+00  0.00000E+00  0.00000E+00  0.00000E+00  0.00000E+00 
51  0.00000E+00 -6.07843E-01  0.00000E+00  0.00000E+00  0.00000E+00  0.00000E+00  0.00000E+00  0.00000E+00  0.00000E+00 
53  0.00000E+00 -5.92157E-01  0.00000E+00  0.00000E+00  0.00000E+00  0.00000E+00  0.00000E+00  0.00000E+00  0.00000E+00 
54  0.00000E+00 -5.84314E-01  0.00000E+00  0.00000E+00  0.00000E+00  0.00000E+00  0.00000E+00  0.00000E+00  0.00000E+00 
55  0.00000E+00 -5.76471E-01  0.00000E+00  0.00000E+00  0.00000E+00  0.00000E+00  0.00000E+00  0.00000E+00  0.00000E+00 
56  0.00000E+00 -5.68627E-01  0.00000E+00  0.00000E+00  0.00000E+00  0.00000E+00  0.00000E+00  0.00000E+00  0.00000E+00 
57  0.00000E+00 -5.60784E-01  0.00000E+00  0.00000E+00  0.00000E+00  0.00000E+00  0.00000E+00  0.00000E+00  0.00000E+00 
58  0.00000E+00 -5.52941E-01  0.00000E+00  0.00000E+00  0.00000E+00  0.00000E+00  0.00000E+00  0.00000E+00  0.00000E+00 
59  0.00000E+00 -5.45098E-01  0.00000E+00  0.00000E+00  0.00000E+00  0.00000E+00  0.00000E+00  0.00000E+00  0.00000E+00 
60  0.00000E+00 -5.37255E-01  0.00000E+00  0.00000E+00  0.00000E+00  0.00000E+00  0.00000E+00  0.00000E+00  0.00000E+00 
61  0.00000E+00 -5.29412E-01  0.00000E+00  0.00000E+00  0.00000E+00  0.00000E+00  0.00000E+00  0.00000E+00  0.00000E+00 
62  0.00000E+00 -5.21569E-01  0.00000E+00  0.00000E+00  0.00000E+00  0.00000E+00  0.00000E+00  0.00000E+00  0.00000E+00 
63  0.00000E+00 -5.13725E-01  0.00000E+00  0.00000E+00  0.00000E+00  0.00000E+00  0.00000E+00  0.00000E+00  0.00000E+00 
64  0.00000E+00 -5.05882E-01  0.00000E+00  0.00000E+00  0.00000E+00  0.00000E+00  0.00000E+00  0.00000E+00  0.00000E+00 
65  0.00000E+00 -4.98039E-01  0.00000E+00  0.00000E+00  0.00000E+00  0.00000E+00  0.00000E+00  0.00000E+00  0.00000E+00 
66  0.00000E+00 -4.90196E-01  0.00000E+00  0.00000E+00  0.00000E+00  0.00000E+00  0.00000E+00  0.00000E+00  0.00000E+00 
67  0.00000E+00 -4.82353E-01  0.00000E+00  0.00000E+00  0.00000E+00  0.00000E+00  0.00000E+00  0.00000E+00  0.00000E+00 
68  0.00000E+00 -4.74510E-01  0.00000E+00  0.00000E+00  0.00000E+00  0.00000E+00  0.00000E+00  0.00000E+00  0.00000E+00 
69  0.00000E+00 -4.66667E-01  0.00000E+00  0.00000E+00  0.00000E+00  0.00000E+00  0.00000E+00  0.00000E+00  0.00000E+00 
70  0.00000E+00 -4.58824E-01  0.00000E+00  0.00000E+00  0.00000E+00  0.00000E+00  0.00000E+00  0.00000E+00  0.00000E+00 
71  0.00000E+00 -4.50980E-01  0.00000E+00  0.00000E+00  0.00000E+00  0.00000E+00  0.00000E+00  0.00000E+00  0.00000E+00 
72  0.00000E+00 -4.43137E-01  0.00000E+00  0.00000E+00  0.00000E+00  0.00000E+00  0.00000E+00  0.00000E+00  0.00000E+00 
73  0.00000E+00 -4.35294E-01  0.00000E+00  0.00000E+00  0.00000E+00  0.00000E+00  0.00000E+00  0.00000E+00  0.00000E+00 
74  0.00000E+00 -4.27451E-01  0.00000E+00  0.00000E+00  0.00000E+00  0.00000E+00  0.00000E+00  0.00000E+00  0.00000E+00 
75  0.00000E+00 -4.19608E-01  0.00000E+00  0.00000E+00  0.00000E+00  0.00000E+00  0.00000E+00  0.00000E+00  0.00000E+00 
76  0.00000E+00 -4.11765E-01  0.00000E+00  0.00000E+00  0.00000E+00  0.00000E+00  0.00000E+00  0.00000E+00  0.00000E+00 
77  0.00000E+00 -4.03922E-01  0.00000E+00  0.00000E+00  0.00000E+00  0.00000E+00  0.00000E+00  0.00000E+00  0.00000E+00 
78  0.00000E+00 -3.96078E-01  0.00000E+00  0.00000E+00  0.00000E+00  0.00000E+00  0.00000E+00  0.00000E+00  0.00000E+00 
79  0.00000E+00 -3.88235E-01  0.00000E+00  0.00000E+00  0.00000E+00  0.00000E+00  0.00000E+00  0.00000E+00  0.00000E+00 
80  0.00000E+00 -3.80392E-01  0.00000E+00  0.00000E+00  0.00000E+00  0.00000E+00  0.00000E+00  0.00000E+00  0.00000E+00 
81  0.00000E+00 -3.72549E-01  0.00000E+00  0.00000E+00  0.00000E+00  0.00000E+00  0.00000E+00  0.00000E+00  0.00000E+00 
82  0.00000E+00 -3.64706E-01  0.00000E+00  0.00000E+00  0.00000E+00  0.00000E+00  0.00000E+00  0.00000E+00  0.00000E+00 
83  0.00000E+00 -3.56863E-01  0.00000E+00  0.00000E+00  0.00000E+00  0.00000E+00  0.00000E+00  0.00000E+00  0.00000E+00 
84  0.00000E+00 -3.49020E-01  0.00000E+00  0.00000E+00  0.00000E+00  0.00000E+00  0.00000E+00  0.00000E+00  0.00000E+00 
85  0.00000E+00 -3.41176E-01  0.00000E+00  0.00000E+00  0.00000E+00  0.00000E+00  0.00000E+00  0.00000E+00  0.00000E+00 
86  0.00000E+00 -3.33333E-01  0.00000E+00  0.00000E+00  0.00000E+00  0.00000E+00  0.00000E+00  0.00000E+00  0.00000E+00 
87  0.00000E+00 -3.25490E-01  0.00000E+00  0.00000E+00  0.00000E+00  0.00000E+00  0.00000E+00  0.00000E+00  0.00000E+00 
88  0.00000E+00 -3.17647E-01  0.00000E+00  0.00000E+00  0.00000E+00  0.00000E+00  0.00000E+00  0.00000E+00  0.00000E+00 
89  0.00000E+00 -3.09804E-01  0.00000E+00  0.00000E+00  0.00000E+00  0.00000E+00  0.00000E+00  0.00000E+00  0.00000E+00 
90  0.00000E+00 -3.01961E-01  0.00000E+00  0.00000E+00  0.00000E+00  0.00000E+00  0.00000E+00  0.00000E+00  0.00000E+00 
91  0.00000E+00 -2.94118E-01  0.00000E+00  0.00000E+00  0.00000E+00  0.00000E+00  0.00000E+00  0.00000E+00  0.00000E+00 
92  0.00000E+00 -2.86275E-01  0.00000E+00  0.00000E+00  0.00000E+00  0.00000E+00  0.00000E+00  0.00000E+00  0.00000E+00 
93  0.00000E+00 -2.78431E-01  0.00000E+00  0.00000E+00  0.00000E+00  0.00000E+00  0.00000E+00  0.00000E+00  0.00000E+00 
94  0.00000E+00 -2.70588E-01  0.00000E+00  0.00000E+00  0.00000E+00  0.00000E+00  0.00000E+00  0.00000E+00  0.00000E+00 
95  0.00000E+00 -2.62745E-01  0.00000E+00  0.00000E+00  0.00000E+00  0.00000E+00  0.00000E+00  0.00000E+00  0.00000E+00 
96  0.00000E+00 -2.54902E-01  0.00000E+00  0.00000E+00  0.00000E+00  0.00000E+00  0.00000E+00  0.00000E+00  0.00000E+00 
97  0.00000E+00 -2.47059E-01  0.00000E+00  0.00000E+00  0.00000E+00  0.00000E+00  0.00000E+00  0.00000E+00  0.00000E+00 
98  0.00000E+00 -2.39216E-01  0.00000E+00  0.00000E+00  0.00000E+00  0.00000E+00  0.00000E+00  0.00000E+00  0.00000E+00 
99  0.00000E+00 -2.31373E-01  0.00000E+00  0.00000E+00  0.00000E+00  0.00000E+00  0.00000E+00  0.00000E+00  0.00000E+00 
100  0.00000E+00 -2.23529E-01  0.00000E+00  0.00000E+00  0.00000E+00  0.00000E+00  0.00000E+00  0.00000E+00  0.00000E+00 
101  0.00000E+00 -2.15686E-01  0.00000E+00  0.00000E+00  0.00000E+00  0.00000E+00  0.00000E+00  0.00000E+00  0.00000E+00 
102  0.00000E+00 -2.07843E-01  0.00000E+00  0.00000E+00  0.00000E+00  0.00000E+00  0.00000E+00  0.00000E+00  0.00000E+00 
103  0.00000E+00 -2.00000E-01  0.00000E+00  0.00000E+00  0.00000E+00  1.00000E+00  1.00000E+00  1.00000E+00  1.00000E+00 
104  0.00000E+00 -1.92157E-01  0.00000E+00  0.00000E+00  0.00000E+00  1.00000E+00  1.00000E+00  1.00000E+00  1.00000E+00 
105  0.00000E+00 -1.84314E-01  0.00000E+00  0.00000E+00  0.00000E+00  1.00000E+00  1.00000E+00  1.00000E+00  1.00000E+00 
106  0.00000E+00 -1.76471E-01  0.00000E+00  0.00000E+00  0.00000E+00  1.00000E+00  1.00000E+00  1.00000E+00  1.00000E+00 
107  0.00000E+00 -1.68627E-01  0.00000E+00  0.00000E+00  0.00000E+00  1.00000E+00  1.00000E+00  1.00000E+00  1.00000E+00 
108  0.00000E+00 -1.60784E-01  0.00000E+00  0.00000E+00  0.00000E+00  1.00000E+00  1.00000E+00  1.00000E+00  1.00000E+00 
109  0.00000E+00 -1.52941E-01  0.00000E+00  0.00000E+00  0.00000E+00  1.00000E+00  1.00000E+00  1.00000E+00  1.00000E+00 
110  0.00000E+00 -1.45098E-01  0.00000E+00  0.00000E+00  0.00000E+00  1.00000E+00  1.00000E+00  1.00000E+00  1.00000E+00 
111  0.00000E+00 -1.37255E-01  0.00000E+00  0.00000E+00  0.00000E+00  1.00000E+00  1.00000E+00  1.00000E+00  1.00000E+00 
112  0.00000E+00 -1.29412E-01  0.00000E+00  0.00000E+00  0.00000E+00  1.00000E+00  1.00000E+00  1.00000E+00  1.00000E+00 
113  0.00000E+00 -1.21569E-01  0.00000E+00  0.00000E+00  0.00000E+00  1.00000E+00  1.00000E+00  1.00000E+00  1.00000E+00 
114  0.00000E+00 -1.13725E-01  0.00000E+00  0.00000E+00  0.00000E+00  1.00000E+00  1.00000E+00  1.00000E+00  1.00000E+00 
115  0.00000E+00 -1.05882E-01  0.00000E+00  0.00000E+00  0.00000E+00  1.00000E+00  1.00000E+00  1.00000E+00  1.00000E+00 
116  0.00000E+00 -9.80392E-02  0.00000E+00  0.00000E+00  0.00000E+00  1.00000E+00  1.00000E+00  1.00000E+00  1.00000E+00 
117  0.00000E+00 -9.01961E-02  0.00000E+00  0.00000E+00  0.00000E+00  1.00000E+00  1.00000E+00  1.00000E+00  1.00000E+00 
118  0.00000E+00 -8.23529E-02  0.00000E+00  0.00000E+00  0.00000E+00  1.00000E+00  1.00000E+00  1.00000E+00  1.00000E+00 
119  0.00000E+00 -7.45098E-02  0.00000E+00  0.00000E+00  0.00000E+00  1.00000E+00  1.00000E+00  1.00000E+00  1.00000E+00 
120  0.00000E+00 -6.66667E-02  0.00000E+00  0.00000E+00  0.00000E+00  1.00000E+00  1.00000E+00  1.00000E+00  1.00000E+00 
121  0.00000E+00 -5.88235E-02  0.00000E+00  0.00000E+00  0.00000E+00  1.00000E+00  1.00000E+00  1.00000E+00  1.00000E+00 
122  0.00000E+00 -5.09804E-02  0.00000E+00  0.00000E+00  0.00000E+00  1.00000E+00  1.00000E+00  1.00000E+00  1.00000E+00 
123  0.00000E+00 -4.31373E-02  0.00000E+00  0.00000E+00  0.00000E+00  1.00000E+00  1.00000E+00  1.00000E+00  1.00000E+00 
124  0.00000E+00 -3.52941E-02  0.00000E+00  0.00000E+00  0.00000E+00  1.00000E+00  1.00000E+00  1.00000E+00  1.00000E+00 
125  0.00000E+00 -2.74510E-02  0.00000E+00  0.00000E+00  0.00000E+00  1.00000E+00  1.00000E+00  1.00000E+00  1.00000E+00 
126  0.00000E+00 -1.96078E-02  0.00000E+00  0.00000E+00  0.00000E+00  1.00000E+00  1.00000E+00  1.00000E+00  1.00000E+00 
127  0.00000E+00 -1.17647E-02  0.00000E+00  0.00000E+00  0.00000E+00  1.00000E+00  1.00000E+00  1.00000E+00  1.00000E+00 
128  0.00000E+00 -3.92157E-03  0.00000E+00  0.00000E+00  0.00000E+00  1.00000E+00  1.00000E+00  1.00000E+00  1.00000E+00 
129  0.00000E+00  3.92157E-03  0.00000E+00  0.00000E+00  0.00000E+00  1.00000E+00  1.00000E+00  1.00000E+00  1.00000E+00 
130  0.00000E+00  1.17647E-02  0.00000E+00  0.00000E+00  0.00000E+00  1.00000E+00  1.00000E+00  1.00000E+00  1.00000E+00 
131  0.00000E+00  1.96078E-02  0.00000E+00  0.00000E+00  0.00000E+00  1.00000E+00  1.00000E+00  1.00000E+00  1.00000E+00 
132  0.00000E+00  2.74510E-02  0.00000E+00  0.00000E+00  0.00000E+00  1.00000E+00  1.00000E+00  1.00000E+00  1.00000E+00 
133  0.00000E+00  3.52941E-02  0.00000E+00  0.00000E+00  0.00000E+00  1.00000E+00  1.00000E+00  1.00000E+00  1.00000E+00 
134  0.00000E+00  4.31373E-02  0.00000E+00  0.00000E+00  0.00000E+00  1.00000E+00  1.00000E+00  1.00000E+00  1.00000E+00 
135  0.00000E+00  5.09804E-02  0.00000E+00  0.00000E+00  0.00000E+00  1.00000E+00  1.00000E+00  1.00000E+00  1.00000E+00 
136  0.00000E+00  5.88235E-02  0.00000E+00  0.00000E+00  0.00000E+00  1.00000E+00  1.00000E+00  1.00000E+00  1.00000E+00 
137  0.00000E+00  6.66667E-02  0.00000E+00  0.00000E+00  0.00000E+00  1.00000E+00  1.00000E+00  1.00000E+00  1.00000E+00 
138  0.00000E+00  7.45098E-02  0.00000E+00  0.00000E+00  0.00000E+00  1.00000E+00  1.00000E+00  1.00000E+00  1.00000E+00 
139  0.00000E+00  8.23529E-02  0.00000E+00  0.00000E+00  0.00000E+00  1.00000E+00  1.00000E+00  1.00000E+00  1.00000E+00 
140  0.00000E+00  9.01961E-02  0.00000E+00  0.00000E+00  0.00000E+00  1.00000E+00  1.00000E+00  1.00000E+00  1.00000E+00 
141  0.00000E+00  9.80392E-02  0.00000E+00  0.00000E+00  0.00000E+00  1.00000E+00  1.00000E+00  1.00000E+00  1.00000E+00 
142  0.00000E+00  1.05882E-01  0.00000E+00  0.00000E+00  0.00000E+00  1.00000E+00  1.00000E+00  1.00000E+00  1.00000E+00 
143  0.00000E+00  1.13725E-01  0.00000E+00  0.00000E+00  0.00000E+00  1.00000E+00  1.00000E+00  1.00000E+00  1.00000E+00 
144  0.00000E+00  1.21569E-01  0.00000E+00  0.00000E+00  0.00000E+00  1.00000E+00  1.00000E+00  1.00000E+00  1.00000E+00 
145  0.00000E+00  1.29412E-01  0.00000E+00  0.00000E+00  0.00000E+00  1.00000E+00  1.00000E+00  1.00000E+00  1.00000E+00 
146  0.00000E+00  1.37255E-01  0.00000E+00  0.00000E+00  0.00000E+00  1.00000E+00  1.00000E+00  1.00000E+00  1.00000E+00 
147  0.00000E+00  1.45098E-01  0.00000E+00  0.00000E+00  0.00000E+00  1.00000E+00  1.00000E+00  1.00000E+00  1.00000E+00 
148  0.00000E+00  1.52941E-01  0.00000E+00  0.00000E+00  0.00000E+00  1.00000E+00  1.00000E+00  1.00000E+00  1.00000E+00 
149  0.00000E+00  1.60784E-01  0.00000E+00  0.00000E+00  0.00000E+00  1.00000E+00  1.00000E+00  1.00000E+00  1.00000E+00 
150  0.00000E+00  1.68627E-01  0.00000E+00  0.00000E+00  0.00000E+00  1.00000E+00  1.00000E+00  1.00000E+00  1.00000E+00 
151  0.00000E+00  1.76471E-01  0.00000E+00  0.00000E+00  0.00000E+00  1.00000E+00  1.00000E+00  1.00000E+00  1.00000E+00 
152  0.00000E+00  1.84314E-01  0.00000E+00  0.00000E+00  0.00000E+00  1.00000E+00  1.00000E+00  1.00000E+00  1.00000E+00 
153  0.00000E+00  1.92157E-01  0.00000E+00  0.00000E+00  0.00000E+00  1.00000E+00  1.00000E+00  1.00000E+00  1.00000E+00 
154  0.00000E+00  2.00000E-01  0.00000E+00  0.00000E+00  1.00000E+00  1.00000E+00  0.00000E+00  0.00000E+00  0.00000E+00 
155  0.00000E+00  2.07843E-01  0.00000E+00  0.00000E+00  0.00000E+00  0.00000E+00  0.00000E+00  0.00000E+00  0.00000E+00 
156  0.00000E+00  2.15686E-01  0.00000E+00  0.00000E+00  0.00000E+00  0.00000E+00  0.00000E+00  0.00000E+00  0.00000E+00 
157  0.00000E+00  2.23529E-01  0.00000E+00  0.00000E+00  0.00000E+00  0.00000E+00  0.00000E+00  0.00000E+00  0.00000E+00 
158  0.00000E+00  2.31373E-01  0.00000E+00  0.00000E+00  0.00000E+00  0.00000E+00  0.00000E+00  0.00000E+00  0.00000E+00 
159  0.00000E+00  2.39216E-01  0.00000E+00  0.00000E+00  0.00000E+00  0.00000E+00  0.00000E+00  0.00000E+00  0.00000E+00 
160  0.00000E+00  2.47059E-01  0.00000E+00  0.00000E+00  0.00000E+00  0.00000E+00  0.00000E+00  0.00000E+00  0.00000E+00 
161  0.00000E+00  2.54902E-01  0.00000E+00  0.00000E+00  0.00000E+00  0.00000E+00  0.00000E+00  0.00000E+00  0.00000E+00 
162  0.00000E+00  2.62745E-01  0.00000E+00  0.00000E+00  0.00000E+00  0.00000E+00  0.00000E+00  0.00000E+00  0.00000E+00 
163  0.00000E+00  2.70588E-01  0.00000E+00  0.00000E+00  0.00000E+00  0.00000E+00  0.00000E+00  0.00000E+00  0.00000E+00 
164  0.00000E+00  2.78431E-01  0.00000E+00  0.00000E+00  0.00000E+00  0.00000E+00  0.00000E+00  0.00000E+00  0.00000E+00 
165  0.00000E+00  2.86275E-01  0.00000E+00  0.00000E+00  0.00000E+00  0.00000E+00  0.00000E+00  0.00000E+00  0.00000E+00 
166  0.00000E+00  2.94118E-01  0.00000E+00  0.00000E+00  0.00000E+00  0.00000E+00  0.00000E+00  0.00000E+00  0.00000E+00 
167  0.00000E+00  3.01961E-01  0.00000E+00  0.00000E+00  0.00000E+00  0.00000E+00  0.00000E+00  0.00000E+00  0.00000E+00 
168  0.00000E+00  3.09804E-01  0.00000E+00  0.00000E+00  0.00000E+00  0.00000E+00  0.00000E+00  0.00000E+00  0.00000E+00 
169  0.00000E+00  3.17647E-01  0.00000E+00  0.00000E+00  0.00000E+00  0.00000E+00  0.00000E+00  0.00000E+00  0.00000E+00 
170  0.00000E+00  3.25490E-01  0.00000E+00  0.00000E+00  0.00000E+00  0.00000E+00  0.00000E+00  0.00000E+00  0.00000E+00 
171  0.00000E+00  3.33333E-01  0.00000E+00  0.00000E+00  0.00000E+00  0.00000E+00  0.00000E+00  0.00000E+00  0.00000E+00 
172  0.00000E+00  3.41176E-01  0.00000E+00  0.00000E+00  0.00000E+00  0.00000E+00  0.00000E+00  0.00000E+00  0.00000E+00 
173  0.00000E+00  3.49020E-01  0.00000E+00  0.00000E+00  0.00000E+00  0.00000E+00  0.00000E+00  0.00000E+00  0.00000E+00 
174  0.00000E+00  3.56863E-01  0.00000E+00  0.00000E+00  0.00000E+00  0.00000E+00  0.00000E+00  0.00000E+00  0.00000E+00 
175  0.00000E+00  3.64706E-01  0.00000E+00  0.00000E+00  0.00000E+00  0.00000E+00  0.00000E+00  0.00000E+00  0.00000E+00 
176  0.00000E+00  3.72549E-01  0.00000E+00  0.00000E+00  0.00000E+00  0.00000E+00  0.00000E+00  0.00000E+00  0.00000E+00 
177  0.00000E+00  3.80392E-01  0.00000E+00  0.00000E+00  0.00000E+00  0.00000E+00  0.00000E+00  0.00000E+00  0.00000E+00 
178  0.00000E+00  3.88235E-01  0.00000E+00  0.00000E+00  0.00000E+00  0.00000E+00  0.00000E+00  0.00000E+00  0.00000E+00 
179  0.00000E+00  3.96078E-01  0.00000E+00  0.00000E+00  0.00000E+00  0.00000E+00  0.00000E+00  0.00000E+00  0.00000E+00 
180  0.00000E+00  4.03922E-01  0.00000E+00  0.00000E+00  0.00000E+00  0.00000E+00  0.00000E+00  0.00000E+00  0.00000E+00 
181  0.00000E+00  4.11765E-01  0.00000E+00  0.00000E+00  0.00000E+00  0.00000E+00  0.00000E+00  0.00000E+00  0.00000E+00 
182  0.00000E+00  4.19608E-01  0.00000E+00  0.00000E+00  0.00000E+00  0.00000E+00  0.00000E+00  0.00000E+00  0.00000E+00 
183  0.00000E+00  4.27451E-01  0.00000E+00  0.00000E+00  0.00000E+00  0.00000E+00  0.00000E+00  0.00000E+00  0.00000E+00 
184  0.00000E+00  4.35294E-01  0.00000E+00  0.00000E+00  0.00000E+00  0.00000E+00  0.00000E+00  0.00000E+00  0.00000E+00 
185  0.00000E+00  4.43137E-01  0.00000E+00  0.00000E+00  0.00000E+00  0.00000E+00  0.00000E+00  0.00000E+00  0.00000E+00 
186  0.00000E+00  4.50980E-01  0.00000E+00  0.00000E+00  0.00000E+00  0.00000E+00  0.00000E+00  0.00000E+00  0.00000E+00 
187  0.00000E+00  4.58824E-01  0.00000E+00  0.00000E+00  0.00000E+00  0.00000E+00  0.00000E+00  0.00000E+00  0.00000E+00 
188  0.00000E+00  4.66667E-01  0.00000E+00  0.00000E+00  0.00000E+00  0.00000E+00  0.00000E+00  0.00000E+00  0.00000E+00 
189  0.00000E+00  4.74510E-01  0.00000E+00  0.00000E+00  0.00000E+00  0.00000E+00  0.00000E+00  0.00000E+00  0.00000E+00 
190  0.00000E+00  4.82353E-01  0.00000E+00  0.00000E+00  0.00000E+00  0.00000E+00  0.00000E+00  0.00000E+00  0.00000E+00 
191  0.00000E+00  4.90196E-01  0.00000E+00  0.00000E+00  0.00000E+00  0.00000E+00  0.00000E+00  0.00000E+00  0.00000E+00 
192  0.00000E+00  4.98039E-01  0.00000E+00  0.00000E+00  0.00000E+00  0.00000E+00  0.00000E+00  0.00000E+00  0.00000E+00 
193  0.00000E+00  5.05882E-01  0.00000E+00  0.00000E+00  0.00000E+00  0.00000E+00  0.00000E+00  0.00000E+00  0.00000E+00 
194  0.00000E+00  5.13725E-01  0.00000E+00  0.00000E+00  0.00000E+00  0.00000E+00  0.00000E+00  0.00000E+00  0.00000E+00 
195  0.00000E+00  5.21569E-01  0.00000E+00  0.00000E+00  0.00000E+00  0.00000E+00  0.00000E+00  0.00000E+00  0.00000E+00 
196  0.00000E+00  5.29412E-01  0.00000E+00  0.00000E+00  0.00000E+00  0.00000E+00  0.00000E+00  0.00000E+00  0.00000E+00 
197  0.00000E+00  5.37255E-01  0.00000E+00  0.00000E+00  0.00000E+00  0.00000E+00  0.00000E+00  0.00000E+00  0.00000E+00 
198  0.00000E+00  5.45098E-01  0.00000E+00  0.00000E+00  0.00000E+00  0.00000E+00  0.00000E+00  0.00000E+00  0.00000E+00 
199  0.00000E+00  5.52941E-01  0.00000E+00  0.00000E+00  0.00000E+00  0.00000E+00  0.00000E+00  0.00000E+00  0.00000E+00 
200  0.00000E+00  5.60784E-01  0.00000E+00  0.00000E+00  0.00000E+00  0.00000E+00  0.00000E+00  0.00000E+00  0.00000E+00 
201  0.00000E+00  5.68627E-01  0.00000E+00  0.00000E+00  0.00000E+00  0.00000E+00  0.00000E+00  0.00000E+00  0.00000E+00 
202  0.00000E+00  5.76471E-01  0.00000E+00  0.00000E+00  0.00000E+00  0.00000E+00  0.00000E+00  0.00000E+00  0.00000E+00 
203  0.00000E+00  5.84314E-01  0.00000E+00  0.00000E+00  0.00000E+00  0.00000E+00  0.00000E+00  0.00000E+00  0.00000E+00 
204  0.00000E+00  5.92157E-01  0.00000E+00  0.00000E+00  0.00000E+00  0.00000E+00  0.00000E+00  0.00000E+00  0.00000E+00 
205  0.00000E+00  6.00000E-01  0.00000E+00  0.00000E+00  0.00000E+00  0.00000E+00  0.00000E+00  0.00000E+00  0.00000E+00 
206  0.00000E+00  6.07843E-01  0.00000E+00  0.00000E+00  0.00000E+00  0.00000E+00  0.00000E+00  0.00000E+00  0.00000E+00 
207  0.00000E+00  6.15686E-01  0.00000E+00  0.00000E+00  0.00000E+00  0.00000E+00  0.00000E+00  0.00000E+00  0.00000E+00 
208  0.00000E+00  6.23529E-01  0.00000E+00  0.00000E+00  0.00000E+00  0.00000E+00  0.00000E+00  0.00000E+00  0.00000E+00 
209  0.00000E+00  6.31373E-01  0.00000E+00  0.00000E+00  0.00000E+00  0.00000E+00  0.00000E+00  0.00000E+00  0.00000E+00 
210  0.00000E+00  6.39216E-01  0.00000E+00  0.00000E+00  0.00000E+00  0.00000E+00  0.00000E+00  0.00000E+00  0.00000E+00 
211  0.00000E+00  6.47059E-01  0.00000E+00  0.00000E+00  0.00000E+00  0.00000E+00  0.00000E+00  0.00000E+00  0.00000E+00 
212  0.00000E+00  6.54902E-01  0.00000E+00  0.00000E+00  0.00000E+00  0.00000E+00  0.00000E+00  0.00000E+00  0.00000E+00 
213  0.00000E+00  6.62745E-01  0.00000E+00  0.00000E+00  0.00000E+00  0.00000E+00  0.00000E+00  0.00000E+00  0.00000E+00 
214  0.00000E+00  6.70588E-01  0.00000E+00  0.00000E+00  0.00000E+00  0.00000E+00  0.00000E+00  0.00000E+00  0.00000E+00 
215  0.00000E+00  6.78431E-01  0.00000E+00  0.00000E+00  0.00000E+00  0.00000E+00  0.00000E+00  0.00000E+00  0.00000E+00 
216  0.00000E+00  6.86275E-01  0.00000E+00  0.00000E+00  0.00000E+00  0.00000E+00  0.00000E+00  0.00000E+00  0.00000E+00 
217  0.00000E+00  6.94118E-01  0.00000E+00  0.00000E+00  0.00000E+00  0.00000E+00  0.00000E+00  0.00000E+00  0.00000E+00 
218  0.00000E+00  7.01961E-01  0.00000E+00  0.00000E+00  0.00000E+00  0.00000E+00  0.00000E+00  0.00000E+00  0.00000E+00 
219  0.00000E+00  7.09804E-01  0.00000E+00  0.00000E+00  0.00000E+00  0.00000E+00  0.00000E+00  0.00000E+00  0.00000E+00 
220  0.00000E+00  7.17647E-01  0.00000E+00  0.00000E+00  0.00000E+00  0.00000E+00  0.00000E+00  0.00000E+00  0.00000E+00 
221  0.00000E+00  7.25490E-01  0.00000E+00  0.00000E+00  0.00000E+00  0.00000E+00  0.00000E+00  0.00000E+00  0.00000E+00 
222  0.00000E+00  7.33333E-01  0.00000E+00  0.00000E+00  0.00000E+00  0.00000E+00  0.00000E+00  0.00000E+00  0.00000E+00 
223  0.00000E+00  7.41176E-01  0.00000E+00  0.00000E+00  0.00000E+00  0.00000E+00  0.00000E+00  0.00000E+00  0.00000E+00 
224  0.00000E+00  7.49020E-01  0.00000E+00  0.00000E+00  0.00000E+00  0.00000E+00  0.00000E+00  0.00000E+00  0.00000E+00 
225  0.00000E+00  7.56863E-01  0.00000E+00  0.00000E+00  0.00000E+00  0.00000E+00  0.00000E+00  0.00000E+00  0.00000E+00 
226  0.00000E+00  7.64706E-01  0.00000E+00  0.00000E+00  0.00000E+00  0.00000E+00  0.00000E+00  0.00000E+00  0.00000E+00 
227  0.00000E+00  7.72549E-01  0.00000E+00  0.00000E+00  0.00000E+00  0.00000E+00  0.00000E+00  0.00000E+00  0.00000E+00 
228  0.00000E+00  7.80392E-01  0.00000E+00  0.00000E+00  0.00000E+00  0.00000E+00  0.00000E+00  0.00000E+00  0.00000E+00 
229  0.00000E+00  7.88235E-01  0.00000E+00  0.00000E+00  0.00000E+00  0.00000E+00  0.00000E+00  0.00000E+00  0.00000E+00 
230  0.00000E+00  7.96078E-01  0.00000E+00  0.00000E+00  0.00000E+00  0.00000E+00  0.00000E+00  0.00000E+00  0.00000E+00 
231  0.00000E+00  8.03922E-01  0.00000E+00  0.00000E+00  0.00000E+00  0.00000E+00  0.00000E+00  0.00000E+00  0.00000E+00 
232  0.00000E+00  8.11765E-01  0.00000E+00  0.00000E+00  0.00000E+00  0.00000E+00  0.00000E+00  0.00000E+00  0.00000E+00 
233  0.00000E+00  8.19608E-01  0.00000E+00  0.00000E+00  0.00000E+00  0.00000E+00  0.00000E+00  0.00000E+00  0.00000E+00 
234  0.00000E+00  8.27451E-01  0.00000E+00  0.00000E+00  0.00000E+00  0.00000E+00  0.00000E+00  0.00000E+00  0.00000E+00 
235  0.00000E+00  8.35294E-01  0.00000E+00  0.00000E+00  0.00000E+00  0.00000E+00  0.00000E+00  0.00000E+00  0.00000E+00 
236  0.00000E+00  8.43137E-01  0.00000E+00  0.00000E+00  0.00000E+00  0.00000E+00  0.00000E+00  0.00000E+00  0.00000E+00 
237  0.00000E+00  8.50980E-01  0.00000E+00  0.00000E+00  0.00000E+00  0.00000E+00  0.00000E+00  0.00000E+00  0.00000E+00 
238  0.00000E+00  8.58824E-01  0.00000E+00  0.00000E+00  0.00000E+00  0.00000E+00  0.00000E+00  0.00000E+00  0.00000E+00 
239  0.00000E+00  8.66667E-01  0.00000E+00  0.00000E+00  0.00000E+00  0.00000E+00  0.00000E+00  0.00000E+00  0.00000E+00 
240  0.00000E+00  8.74510E-01  0.00000E+00  0.00000E+00  0.00000E+00  0.00000E+00  0.00000E+00  0.00000E+00  0.00000E+00 
241  0.00000E+00  8.82353E-01  0.00000E+00  0.00000E+00  0.00000E+00  0.00000E+00  0.00000E+00  0.00000E+00  0.00000E+00 
242  0.00000E+00  8.90196E-01  0.00000E+00  0.00000E+00  0.00000E+00  0.00000E+00  0.00000E+00  0.00000E+00  0.00000E+00 
243  0.00000E+00  8.98039E-01  0.00000E+00  0.00000E+00  0.00000E+00  0.00000E+00  0.00000E+00  0.00000E+00  0.00000E+00 
244  0.00000E+00  9.05882E-01  0.00000E+00  0.00000E+00  0.00000E+00  0.00000E+00  0.00000E+00  0.00000E+00  0.00000E+00 
245  0.00000E+00  9.13725E-01  0.00000E+00  0.00000E+00  0.00000E+00  0.00000E+00  0.00000E+00  0.00000E+00  0.00000E+00 
246  0.00000E+00  9.21569E-01  0.00000E+00  0.00000E+00  0.00000E+00  0.00000E+00  0.00000E+00  0.00000E+00  0.00000E+00 
247  0.00000E+00  9.29412E-01  0.00000E+00  0.00000E+00  0.00000E+00  0.00000E+00  0.00000E+00  0.00000E+00  0.00000E+00 
248  0.00000E+00  9.37255E-01  0.00000E+00  0.00000E+00  0.00000E+00  0.00000E+00  0.00000E+00  0.00000E+00  0.00000E+00 
249  0.00000E+00  9.45098E-01  0.00000E+00  0.00000E+00  0.00000E+00  0.00000E+00  0.00000E+00  0.00000E+00  0.00000E+00 
250  0.00000E+00  9.52941E-01  0.00000E+00  0.00000E+00  0.00000E+00  0.00000E+00  0.00000E+00  0.00000E+00  0.00000E+00 
251  0.00000E+00  9.60784E-01  0.00000E+00  0.00000E+00  0.00000E+00  0.00000E+00  0.00000E+00  0.00000E+00  0.00000E+00 
252  0.00000E+00  9.68627E-01  0.00000E+00  0.00000E+00  0.00000E+00  0.00000E+00  0.00000E+00  0.00000E+00  0.00000E+00 
253  0.00000E+00  9.76471E-01  0.00000E+00  0.00000E+00  0.00000E+00  0.00000E+00  0.00000E+00  0.00000E+00  0.00000E+00 
254  0.00000E+00  9.84314E-01  0.00000E+00  0.00000E+00  0.00000E+00  0.00000E+00  0.00000E+00  0.00000E+00  0.00000E+00 
255  0.00000E+00  9.92157E-01  0.00000E+00  0.00000E+00  0.00000E+00  0.00000E+00  0.00000E+00  0.00000E+00  0.00000E+00 
256  0.00000E+00  1.00000E+00  0.00000E+00  0.00000E+00  0.00000E+00  0.00000E+00  0.00000E+00  0.00000E+00  0.00000E+00 
